[255   0 178   0   0 118   0   0 166   0   0   0   0   0   0   0   0 228
 183   0   0   0   0   0   0   0   0   0   0   0   0   0   0   0   0   0
   0   0   0   0   0   0   0   0   0   0 199   0   0   0   0   0   0   0
   0   0   0   0   0   0   0   0   0   0   0 146   0   0   0   0   0   0
   0   0   0   0   0   0   0   0   0   0   0   0   0   0   0   0   0   0
   0   0   0   0   0   0   0   0   0   0   0   0   0 190   0   0   0   0
   0   0   0   0   0   0   0   0   0   0 212   0   0   0   0   9   0   0
   0   0   0   0   0   0   0   0   0   0   0   0   0   0   0   7   0   0
  31   0   0   0   0 243   0   0   0   0   0   0   0   0   0   0   0   0
   0 200   0   0   0   0 253   0   0 138   0   0   0   0   0   0  15 155
  58  37   9   0   0   0 203   0  28   0   0 195   0   0   0   0   0   0
   0   0   0   0   9   0  41   0   0   0  19  40   0 191   0 239   0   0
   0   0   0   0 193   0   0 130   0   0   0   0   0  38   0   0   0  41
   0   0   0  46   0   0 192  54   0   0   0   0 256  28   0 271 235   0
   0   0   0   0   0 269  76   0   9   0   0   0   0   0   3   0   0  47
   0 252   0  11 130   0   0  47   0   0  60   0  24   9   0   0   0 185
   6   0 216   0   0   0  99   0   0   0   0   0 224   9   0   2   0   0
   0   0 240   0   0   0 118   0   0   3   0   0 187 197   0   0  61   0
   0 244   0   0 156   0 217   0   0   0   0 273   0   0   0 220 145  32
 141   0 176   7   0   0  28  18   0   0 186   0  65   0   0   0 218   0
 214   0 149   0 175   0  31   0  33   0   0 213   7   0  28   0   0   9
  35   0   0   0 202   0  51 241   0   0   0   0   0   0   0 137   0   0
   0   0  32   0   0  24 201 180 174 234 106   0   0   0   0   0 259   0
 226 267  71   9   0   0   0   0   0  20  26   0  56   0   0  14 260   0
   9   0  72   0   0   0   0   0  37 162 173   0   0  28  28  95   0   0
 250   0   0   0  11   0 157 225   8   0   0   0   0   9   0   0 159 205
   0   0   0   0 221   0  10 181 247   0   0   0   0  13   0  28   7   0
   0 211   0  28   0   0  12   0   0   0  28 160 258   0   0 167  31  31
 171   0   0   0   0 207   0 161 249   0   0 223   0  80   0 215   0 151
   4   0  48   0 236  41   0 139   0   0 257 208   0   0  60  86 265   0
   0   0   8   0 219   9   9   0   0   0 143   0  17   0   7  87   0   0
 153   0 105  25   0   0  17   0  18 163   0 152  28   0   0   0   0  13
 140   0   0  69 237  28  27   0  18  58   0  40  76 254  98   0 124 111
  31   0   0  52 177 172   8   8  48   0   0 198   0   0   0   0  85  17
   0   0  28   0   0   0  28  10 261   0   0  40   0 238   0   0  15 165
   0  21   7 179   0 182 263  25   0   0  27   0  21 222   0 266  30  23
   4 248   0 142 100   0  82   0  64   0   0  63 147  31  28   9   0   0
   0 119  49 116   0  63   0   0  28   1  57 229 268  19  65  28   0   0
  51 246  31   0   2  33   0  30 231 245 127   0  26 169   0   0 123   0
   0   0   7 168   0  31 206   0   7 196   0   0  28   0  54   0   0   0
  31   0 117   0   0   7  56   0   0  65   0 136   0   0 102 251   0 184
   0 189  33   0 242   0   0 108 120   9  61   0   9 121 131  29 272   0
  38   0 129   0   0 116   1 104 158   0   0  91 227   0   0   0 204   0
   0 113  28   0   0  88 125  28   0   0   0   0   0   0  12  23 144   0
  14   8  77   0 270 104  32   0  70   8   0   9   0   0   0   0   0   0
  35   0  46  94   0 107 132 232   0   0   0 101   0   0  63  12  28  64
   0 209 188   0   0 154 112  42   0  63   0 262  92   0   0  89 230  11
   0   0   0  28 128   0   0 126   6   3   0   0  97   0 131 164   0 135
   0   0  32   0   0 264  76   0   0   0  28  59   0  57 194  33  98   0
   0   6 103 134  50   0   0  34   0   0  28   0 122   0   0   0   0   0
 148  45  28   0   0   0   0 170   0   0  38   0 114   0  79 233   0  63
  46 109   0  11   0  84  29  62   3  75   0  22   0   0  16   0  71  43
  68  22   0   0   0  73   0  96  20 210   0   0 150   0  74  58   0  93
  67   5  14   0   0   0   7   0   5  76   0  16   0   0  81  29  14   0
 110 131 115   0   0   0   0  13  90  44   0  29   0  53   0  39 122 133
  36  83   8   0   0  78   0  66  28  55]
[['in', 'that', 'is', '##', 'The', 'said', 'was', 'the', 'at', 'not', 'as', 'it', 'be', 'are', 'I', 'have', 'he', 'will', 'has', '####', 'his', 'an', 'this', 'or', 'their', 'who', 'they', 'but', '$', 'had', 'year', 'were', 'we', 'more', '###', 'up', 'been', 'you', 'its', 'one', 'would', 'which', 'out', 'can', 'It', 'all', 'also', 'two', 'after', 'first', 'He', 'do', 'time', 'than', 'when', 'We', 'over', 'last', 'other', 'her', 'people', 'into', 'In', 'our', 'there', 'A', 'she', 'could', 'just', 'years', 'some', 'U.S.', 'three', 'million', 'them', 'what', 'But', 'so', 'no', 'like', 'if', 'only', 'percent', 'get', 'did', 'him', 'game', 'back', 'because', 'now', '#.#', 'before', 'company', 'any', 'team', 'off', 'This', 'most', 'made', 'through', 'make', 'second', 'state', 'well', 'day', 'season', 'says', 'week', 'where', 'down', 'being', 'government', 'your', 'home', 'going', 'my', 'good', 'They', "'re", 'should', 'many', 'way', 'those', 'four', 'during', 'such', 'may', 'very', 'how', 'since', 'take', 'including', 'then', '%', 'next', '#,###', 'much', 'still', 'go', 'think', 'old', 'even', '#.##', 'world', 'see', 'say', 'business', 'five', 'told', 'us', '1', 'these', 'If', 'And', 'me', 'play', 'help', '##,###', 'market', 'That', 'know', 'does', 'both', 'There', 'around', 'want', "'ve", 'For', 'got', 'third', 'school', 'left', 'another', 'country', 'need', '2', 'best', 'quarter', 'today', '##.#', 'same', 'Friday', 'month', 'billion', 'Tuesday', 'come', 'Monday', 'She', 'city', 'night', 'six', 'Thursday', '###,###', 'Wednesday', 'here', 'You', 'really', 'found', 'As', '3', 'lot', "'m", 'put', 'games', 'half', 'report', 'family', 'months', 'am', 'man', 'Saturday', 'too', 'better', 'days', 'came', 'American', 'show', 'past', 'took', 'added', 'expected', 'great', 'State', 'children', 'area', 'pm', 'big', 'few', 'per', 'Sunday', 'start', 'companies', 'little', 'ago', 'according', 'never', '5', 'sales', 'until', 'went', 'players', '##th'], [], [], ['called'], [], [], ['case'], ['work'], [], ['#-#', 'points', 'win', '##-##', 'point'], [], ['system'], [], [], [], ['end'], [], [], [], ['public'], [], [], [], [], ['early'], [], [], [], ['police', 'officials'], [], [], ['high'], [], [], [], [], [], ['information'], ['group'], [], ['run'], ['use', 'used'], [], [], [], [], ['money'], ['services', 'service'], [], [], [], [], [], [], ['program'], [], [], [], ['long'], [], ['members'], [], [], [], [], [], [], [], [], [], [], [], [], [], [], [], ['life'], [], [], [], [], [], [], [], [], [], [], [], [], [], [], [], [], [], [], [], [], [], [], ['without'], [], [], [], [], [], [], [], [], [], [], [], [], [], [], [], [], [], [], ['on'], [], [], [], [], [], [], [], [], [], [], [], ['each', 'every'], [], [], [], [], [], [], [], ['between'], [], [], [], [], [], [], [], ['new'], [], [], [], [], [], [], [], [], ['AP'], [], [], [], [], [], [], [], [], [], [], ['with'], [], [], [], [], [], [], [], [], [], [], [], ['for'], [], [], [], [], ['by'], [], ['&'], [], [], [], [], ['against'], ['set'], ['support'], ['place'], [], ['based'], [], [], [], ['about'], ['under'], [], [], ['part'], [], [], [], [], [], [], [], [], ['while'], [], [], [], ['local'], [], [], [], [], [], [], [], [], [], [], [], ['from'], [], [], [], [], [], [], ['own'], [], [], [], ['top'], [], [], [], ['By'], [], [], [], [], [], [], [], [], ['hit'], ['right'], [], [], ['number'], [], [], [], [], [], [], [], [], [], [], [], [], ['lead'], [], ['former']]
